379
636
1010
1034
1265
1284
1553
1579
2556
2687
2896
3831
4471
4535
4607
4770
4856
5218
5571
5694
5711
5877
6263
6475
6912
7010
7101
7138
7260
7478
7703
7971
8383
8578
8701
9094
9231
9352
9373
9518
10046
10143
10213
10366
10506
11033
11070
11217
11496
11569
11901
12054
12232
12380
12433
12676
13236
13514
13787
13804
14062
14572
14836
15272
15646
15672
15835
16235
16329
16428
16581
16738
16945
17150
17318
17473
17566
17854
17889
18105
18239
18386
18405
18714
18832
18919
19006
19123
19332
19522
19645
19737
19784
20015
20057
20169
20213
20399
20412
20717
20745
21243
21295
21441
21545
21660
21867
22078
22211
22492
22800
23010
23184
23742
24134
24157
24313
24420
24551
24821
24981
25195
25419
25503
25531
25771
25802
26063
26293
26364
26452
26580
26834
27085
27229
27595
28030
28234
28251
28556
28679
28846
29058
29074
29147
29801
30131
30184
30425
30470
30752
30896
31082
31362
31525
31583
31620
32082
32324
32354
32711
32962
33556
33635
34211
34324
34458
34526
34697
34862
34941
35296
35892
36151
36230
36338
36372
36821
37064
37694
38316
38578
38684
38893
39438
39490
39748
40034
40251
40441
40505
40681
41009
41104
41227
41471
41652
41758
41925
41952
42019
42182
42219
42636
42673
42807
43399
43430
43691
43794
43952
43978
44105
44349
44445
44648
44880
44976
45115
45219
45393
45452
45589
45844
45948
46008
46135
46210
46276
46822
