253
359
202
172
356
348
285
234
290
257
212
226
304
356
316
402
383
183
275
256
224
388
212
265
278
355
357
371
441
97
251
177
268
151
209
223
196
294
232
275
204
257
288
349
387
271
290
342
279
287
265
299
135
209
139
267
126
266
246
226
152
181
224
200
455
444
386
362
202
212
161
235
308
367
430
517
150
394
364
482
262
148
157
343
431
340
367
468
269
379
431
471
320
537
477
425
417
224
203
115
127
217
195
229
271
213
211
280
152
212
154
226
160
187
213
199
349
263
117
249
326
238
279
251
267
267
200
200
409
426
346
120
201
329
131
155
248
237
186
303
349
255
352
350
396
129
333
300
209
189
186
152
270
157
194
231
197
178
159
152
460
251
246
251
322
309
320
361
502
512
542
196
149
235
254
291
245
189
178
165
188
223
231
163
329
363
161
200
170
139
201
251
186
229
229
264
198
290
371
260
315
453
344
395
411
352
301
302
329
286
407
417
421
418
391
262
321
385
277
198
242
193
121
271
233
272
372
352
203
308
